========================================2023-09-12 00:25:27.744996========================================

- Algoritmo 'Dijkstra' utilizado con el laberinto del archivo Matriz_2.csv
- Se ejecuta en: 0.2 segundos
- Consumo de memoria: 0 MB

- Ruta minima obtenida: [(8, 7), (7, 8), (6, 9), (5, 9), (4, 9), (3, 9), (2, 8)]

========================================2023-09-12 00:26:09.567546========================================

- Algoritmo 'Bellman' utilizado con el laberinto del archivo Matriz_2.csv
- Se ejecuta en: 0.31 segundos
- Consumo de memoria: 0 MB

- Ruta minima obtenida: [(8, 7), (7, 8), (6, 8), (5, 7), (4, 6), (3, 7), (2, 8)]

========================================2023-09-12 00:29:30.543420========================================

- Algoritmo 'Breadth First Search' utilizado con el laberinto del archivo Matriz_2.csv
- Se ejecuta en: 0.22 segundos
- Consumo de memoria: 0 MB

- Ruta minima obtenida: [(8, 7), (7, 8), (6, 8), (5, 8), (4, 8), (3, 7), (2, 8)]

========================================2023-09-12 00:29:44.754739========================================

- Algoritmo 'Dijkstra' utilizado con el laberinto del archivo Matriz_3.csv
- Se ejecuta en: 0.22 segundos
- Consumo de memoria: 0 MB

- Ruta minima obtenida: [(0, 3), (1, 4), (2, 5), (3, 6)]

========================================2023-09-12 04:49:04.734283========================================

- Algoritmo 'Bellman' utilizado con el laberinto del archivo Matriz_1.csv
- Se ejecuta en: 14802.99 segundos
- Consumo de memoria: -18 MB

- Ruta minima obtenida: [(138, 147), (137, 146), (136, 145), (135, 144), (134, 143), (133, 142), (132, 141), (131, 140), (130, 139), (129, 138), (128, 137), (127, 136), (126, 135), (125, 135), (124, 134), (123, 133), (122, 132), (121, 133), (120, 132), (119, 131), (118, 130), (117, 129), (116, 128), (115, 127), (114, 126), (113, 126), (112, 125), (111, 124), (110, 123), (109, 122), (108, 121), (107, 120), (106, 119), (105, 118), (104, 117), (103, 117), (102, 116), (101, 115), (100, 114), (99, 113), (98, 112), (97, 111), (96, 110), (95, 109), (94, 108), (93, 107), (92, 106), (91, 105), (90, 104), (89, 105), (88, 106), (87, 107), (86, 108), (85, 108), (84, 109), (83, 110), (82, 111), (81, 112), (80, 113), (79, 113), (78, 114), (77, 115), (76, 116), (75, 117), (74, 118), (73, 119), (72, 120), (71, 121), (70, 122), (69, 123), (68, 124), (67, 125), (66, 126), (65, 127), (64, 128), (63, 129), (62, 130), (61, 131), (60, 132), (59, 132), (58, 133), (57, 134), (56, 135), (55, 136), (54, 136), (53, 137), (52, 138), (51, 139), (50, 140), (49, 141), (48, 142), (47, 142), (46, 143), (45, 144), (44, 145), (43, 146), (42, 147), (41, 148), (40, 149), (39, 150), (38, 151), (37, 152), (36, 151), (35, 152), (34, 153), (33, 154), (32, 155), (31, 156), (30, 157), (29, 158), (28, 159), (27, 159), (26, 159), (25, 160), (24, 161), (23, 161), (22, 162), (21, 163), (20, 164), (19, 165), (18, 166), (17, 166), (16, 167), (15, 168), (14, 169), (13, 170), (12, 171), (11, 172), (10, 172), (9, 173), (8, 174), (7, 175), (6, 176), (5, 177), (4, 178), (3, 179), (2, 180), (1, 181)]

========================================2023-09-12 22:16:48.516823========================================

- Algoritmo 'Dijkstra' utilizado con el laberinto del archivo Matriz_1.csv
- Se ejecuta en: 0.45 segundos
- Consumo de memoria: 4 MB

- Ruta minima obtenida: [(138, 147), (137, 147), (136, 148), (135, 149), (134, 149), (133, 150), (132, 151), (131, 152), (130, 153), (129, 153), (128, 154), (127, 155), (126, 155), (125, 156), (124, 157), (123, 158), (122, 159), (121, 159), (120, 159), (119, 159), (118, 160), (117, 161), (116, 162), (115, 163), (114, 163), (113, 163), (112, 164), (111, 165), (110, 165), (109, 166), (108, 167), (107, 168), (106, 169), (105, 170), (104, 171), (103, 172), (102, 172), (101, 173), (100, 174), (99, 175), (98, 176), (97, 177), (96, 178), (95, 179), (94, 180), (93, 181), (92, 182), (91, 182), (90, 182), (89, 182), (88, 182), (87, 182), (86, 182), (85, 182), (84, 181), (83, 181), (82, 181), (81, 181), (80, 181), (79, 181), (78, 181), (77, 181), (76, 181), (75, 181), (74, 181), (73, 181), (72, 181), (71, 181), (70, 181), (69, 181), (68, 181), (67, 181), (66, 181), (65, 181), (64, 181), (63, 182), (62, 182), (61, 182), (60, 183), (59, 183), (58, 183), (57, 183), (56, 184), (55, 184), (54, 184), (53, 184), (52, 184), (51, 184), (50, 184), (49, 184), (48, 184), (47, 184), (46, 183), (45, 183), (44, 183), (43, 183), (42, 182), (41, 182), (40, 182), (39, 182), (38, 181), (37, 181), (36, 181), (35, 181), (34, 181), (33, 182), (32, 182), (31, 182), (30, 182), (29, 182), (28, 182), (27, 182), (26, 182), (25, 182), (24, 182), (23, 182), (22, 182), (21, 182), (20, 182), (19, 182), (18, 182), (17, 181), (16, 181), (15, 181), (14, 181), (13, 182), (12, 182), (11, 182), (10, 182), (9, 182), (8, 182), (7, 182), (6, 182), (5, 181), (4, 181), (3, 181), (2, 181), (1, 181)]

========================================2023-09-12 22:17:17.969774========================================

- Algoritmo 'Breadth First Search' utilizado con el laberinto del archivo Matriz_1.csv
- Se ejecuta en: 0.57 segundos
- Consumo de memoria: 1 MB

- Ruta minima obtenida: [(138, 147), (137, 147), (136, 147), (135, 147), (134, 147), (133, 147), (132, 147), (131, 147), (130, 147), (129, 146), (128, 146), (127, 145), (126, 145), (125, 145), (124, 145), (123, 145), (122, 144), (121, 144), (120, 144), (119, 144), (118, 144), (117, 144), (116, 144), (115, 144), (114, 144), (113, 144), (112, 144), (111, 143), (110, 143), (109, 143), (108, 143), (107, 142), (106, 142), (105, 141), (104, 140), (103, 140), (102, 140), (101, 140), (100, 140), (99, 140), (98, 140), (97, 139), (96, 138), (95, 138), (94, 137), (93, 137), (92, 137), (91, 136), (90, 136), (89, 135), (88, 135), (87, 134), (86, 134), (85, 134), (84, 134), (83, 134), (82, 134), (81, 134), (80, 134), (79, 134), (78, 134), (77, 134), (76, 133), (75, 132), (74, 132), (73, 132), (72, 131), (71, 131), (70, 131), (69, 130), (68, 130), (67, 130), (66, 130), (65, 130), (64, 129), (63, 129), (62, 130), (61, 131), (60, 132), (59, 132), (58, 133), (57, 134), (56, 135), (55, 136), (54, 136), (53, 137), (52, 138), (51, 139), (50, 140), (49, 141), (48, 142), (47, 142), (46, 143), (45, 144), (44, 145), (43, 146), (42, 147), (41, 148), (40, 149), (39, 150), (38, 151), (37, 152), (36, 152), (35, 152), (34, 153), (33, 154), (32, 155), (31, 156), (30, 157), (29, 158), (28, 159), (27, 159), (26, 159), (25, 160), (24, 161), (23, 161), (22, 162), (21, 163), (20, 164), (19, 165), (18, 166), (17, 166), (16, 167), (15, 168), (14, 169), (13, 170), (12, 171), (11, 172), (10, 172), (9, 173), (8, 174), (7, 175), (6, 176), (5, 177), (4, 178), (3, 179), (2, 180), (1, 181)]

========================================2023-09-12 22:17:21.627463========================================

- Algoritmo 'A* Search' utilizado con el laberinto del archivo Matriz_1.csv
- Se ejecuta en: 0.61 segundos
- Consumo de memoria: 0 MB

- Ruta minima obtenida: [(1, 181), (2, 180), (3, 180), (4, 180), (5, 179), (6, 179), (7, 179), (8, 179), (9, 178), (10, 178), (11, 178), (12, 178), (13, 178), (14, 178), (15, 178), (16, 177), (17, 177), (18, 177), (19, 177), (20, 177), (21, 177), (22, 177), (23, 176), (24, 175), (25, 175), (26, 174), (27, 173), (28, 173), (29, 172), (30, 171), (31, 170), (32, 169), (33, 168), (34, 167), (35, 167), (36, 167), (37, 167), (38, 166), (39, 165), (40, 164), (41, 163), (42, 162), (43, 161), (44, 161), (45, 161), (46, 161), (47, 160), (48, 160), (49, 160), (50, 159), (51, 158), (52, 158), (53, 157), (54, 156), (55, 156), (56, 156), (57, 155), (58, 155), (59, 155), (60, 155), (61, 155), (62, 154), (63, 154), (64, 154), (65, 154), (66, 154), (67, 154), (68, 154), (69, 154), (70, 154), (71, 154), (72, 154), (73, 154), (74, 154), (75, 153), (76, 153), (77, 153), (78, 153), (79, 153), (80, 153), (81, 153), (82, 153), (83, 153), (84, 153), (85, 153), (86, 153), (87, 153), (88, 153), (89, 153), (90, 153), (91, 153), (92, 153), (93, 153), (94, 153), (95, 153), (96, 153), (97, 153), (98, 153), (99, 153), (100, 153), (101, 152), (102, 151), (103, 150), (104, 150), (105, 150), (106, 149), (107, 149), (108, 149), (109, 149), (110, 149), (111, 149), (112, 149), (113, 149), (114, 149), (115, 149), (116, 149), (117, 149), (118, 149), (119, 148), (120, 148), (121, 148), (122, 148), (123, 148), (124, 148), (125, 148), (126, 148), (127, 148), (128, 148), (129, 148), (130, 147), (131, 147), (132, 147), (133, 147), (134, 147), (135, 147), (136, 147), (137, 147)]